      FID       IID      PHE  CHR SNP1 SNP2         POS1         POS2         KB     NSNP  DENSITY     PHOM     PHET
  gepard   gepard   -9.000 gi_961474318_ref_NW_015130856.1    0    0      1100332      1744870    644.539       62   10.396    1.000    0.000
  gepard   gepard   -9.000 gi_961473430_ref_NW_015131744.1    0    0       931054       954691     23.638       65    0.364    1.000    0.000
      FID       IID      PHE  CHR SNP1 SNP2         POS1         POS2         KB     NSNP  DENSITY     PHOM     PHET
  panter   panter   -9.000 gi_1109078592_ref_NW_017620018.1    0    0           53         9477      9.425      345    0.027    1.000    0.000
      FID       IID      PHE  CHR SNP1 SNP2         POS1         POS2         KB     NSNP  DENSITY     PHOM     PHET
  camel   camel   -9.000 gi_558500147_ref_NW_006210212.1    0    0         7275       517472    510.198       67    7.615    0.985    0.000
  camel   camel   -9.000 gi_558500062_ref_NW_006210297.1    0    0       267335       543648    276.314       85    3.251    1.000    0.000
  camel   camel   -9.000 gi_558500055_ref_NW_006210304.1    0    0      1296358      1730093    433.736       84    5.164    1.000    0.000
  camel   camel   -9.000 gi_558500050_ref_NW_006210309.1    0    0       899097      1246508    347.412       79    4.398    1.000    0.000
  camel   camel   -9.000 gi_558500050_ref_NW_006210309.1    0    0      1297101      1467142    170.042       54    3.149    1.000    0.000
  camel   camel   -9.000 gi_558500026_ref_NW_006210333.1    0    0      2095185      2548375    453.191       73    6.208    1.000    0.000
  camel   camel   -9.000 gi_558500023_ref_NW_006210336.1    0    0      1327074      1800523    473.450       69    6.862    1.000    0.000
  camel   camel   -9.000 gi_558500018_ref_NW_006210341.1    0    0       976330      1428029    451.700       52    8.687    1.000    0.000
  camel   camel   -9.000 gi_558500005_ref_NW_006210354.1    0    0       885397      1282203    396.807       68    5.835    1.000    0.000
  camel   camel   -9.000 gi_558499996_ref_NW_006210363.1    0    0        14469       181079    166.611       51    3.267    1.000    0.000
  camel   camel   -9.000 gi_558499988_ref_NW_006210371.1    0    0      1121499      1454487    332.989       69    4.826    1.000    0.000
  camel   camel   -9.000 gi_558499988_ref_NW_006210371.1    0    0      2092017      2672289    580.273      120    4.836    1.000    0.000
  camel   camel   -9.000 gi_558499979_ref_NW_006210380.1    0    0      1062270      1511013    448.744      118    3.803    1.000    0.000
  camel   camel   -9.000 gi_558499973_ref_NW_006210386.1    0    0       601422       785066    183.645       82    2.240    1.000    0.000
  camel   camel   -9.000 gi_558499956_ref_NW_006210403.1    0    0       154817       809509    654.693       59   11.096    1.000    0.000
  camel   camel   -9.000 gi_558499945_ref_NW_006210414.1    0    0       637400      1067353    429.954       76    5.657    1.000    0.000
  camel   camel   -9.000 gi_558499942_ref_NW_006210417.1    0    0      1048136      1380143    332.008      101    3.287    1.000    0.000
  camel   camel   -9.000 gi_558499939_ref_NW_006210420.1    0    0       708356      1176887    468.532      117    4.005    1.000    0.000
  camel   camel   -9.000 gi_558499938_ref_NW_006210421.1    0    0      1797228      2003073    205.846       56    3.676    1.000    0.000
  camel   camel   -9.000 gi_558499927_ref_NW_006210432.1    0    0       577225      1081236    504.012       66    7.637    1.000    0.000
  camel   camel   -9.000 gi_558499918_ref_NW_006210441.1    0    0       392607       548994    156.388       50    3.128    1.000    0.000
  camel   camel   -9.000 gi_558499917_ref_NW_006210442.1    0    0      1091763      1361550    269.788      135    1.998    1.000    0.000
  camel   camel   -9.000 gi_558499917_ref_NW_006210442.1    0    0      1855924      1948221     92.298       65    1.420    1.000    0.000
  camel   camel   -9.000 gi_558499917_ref_NW_006210442.1    0    0      1954240      2034543     80.304       65    1.235    1.000    0.000
  camel   camel   -9.000 gi_558499910_ref_NW_006210449.1    0    0      2251905      2585755    333.851       53    6.299    1.000    0.000
  camel   camel   -9.000 gi_558499895_ref_NW_006210464.1    0    0       366850       615476    248.627       77    3.229    1.000    0.000
  camel   camel   -9.000 gi_558499895_ref_NW_006210464.1    0    0      1266326      1620311    353.986       68    5.206    1.000    0.000
  camel   camel   -9.000 gi_558499879_ref_NW_006210480.1    0    0      2204961      2491049    286.089       90    3.179    1.000    0.000
  camel   camel   -9.000 gi_558499873_ref_NW_006210486.1    0    0       160830       607312    446.483       65    6.869    1.000    0.000
  camel   camel   -9.000 gi_558499873_ref_NW_006210486.1    0    0       674492      1022242    347.751       62    5.609    1.000    0.000
  camel   camel   -9.000 gi_558499870_ref_NW_006210489.1    0    0       730438      1129508    399.071       58    6.881    1.000    0.000
  camel   camel   -9.000 gi_558499867_ref_NW_006210492.1    0    0         2921       408021    405.101       99    4.092    1.000    0.000
  camel   camel   -9.000 gi_558499867_ref_NW_006210492.1    0    0       527306       732982    205.677       68    3.025    1.000    0.000
  camel   camel   -9.000 gi_558499867_ref_NW_006210492.1    0    0       739548       951079    211.532       59    3.585    1.000    0.000
  camel   camel   -9.000 gi_558499865_ref_NW_006210494.1    0    0       617701       718330    100.630       59    1.706    1.000    0.000
  camel   camel   -9.000 gi_558499865_ref_NW_006210494.1    0    0      1709156      2092052    382.897       91    4.208    1.000    0.000
  camel   camel   -9.000 gi_558499845_ref_NW_006210514.1    0    0        57283       329192    271.910       66    4.120    1.000    0.000
  camel   camel   -9.000 gi_558499845_ref_NW_006210514.1    0    0       539027       648234    109.208       62    1.761    1.000    0.000
  camel   camel   -9.000 gi_558499842_ref_NW_006210517.1    0    0       247214       806729    559.516       99    5.652    1.000    0.000
  camel   camel   -9.000 gi_558499833_ref_NW_006210526.1    0    0      3415209      3503421     88.213       54    1.634    1.000    0.000
  camel   camel   -9.000 gi_558499830_ref_NW_006210529.1    0    0       278449       544666    266.218       73    3.647    1.000    0.000
  camel   camel   -9.000 gi_558499830_ref_NW_006210529.1    0    0       562711       994549    431.839       88    4.907    1.000    0.000
  camel   camel   -9.000 gi_558499830_ref_NW_006210529.1    0    0      2789443      2944700    155.258       50    3.105    1.000    0.000
  camel   camel   -9.000 gi_558499827_ref_NW_006210532.1    0    0       943082      1332155    389.074       78    4.988    1.000    0.000
  camel   camel   -9.000 gi_558499827_ref_NW_006210532.1    0    0      2050248      2180066    129.819       60    2.164    1.000    0.000
  camel   camel   -9.000 gi_558499825_ref_NW_006210534.1    0    0      1593997      1815301    221.305       68    3.254    1.000    0.000
  camel   camel   -9.000 gi_558499822_ref_NW_006210537.1    0    0       151155       462593    311.439       84    3.708    1.000    0.000
  camel   camel   -9.000 gi_558499818_ref_NW_006210541.1    0    0        11353       471430    460.078      120    3.834    1.000    0.000
  camel   camel   -9.000 gi_558499817_ref_NW_006210542.1    0    0       892315      1070763    178.449       59    3.025    1.000    0.000
  camel   camel   -9.000 gi_558499803_ref_NW_006210556.1    0    0        34403       368232    333.830       57    5.857    1.000    0.000
  camel   camel   -9.000 gi_558499793_ref_NW_006210566.1    0    0      1714651      2006824    292.174       52    5.619    1.000    0.000
  camel   camel   -9.000 gi_558499785_ref_NW_006210574.1    0    0        26597       708168    681.572       58   11.751    1.000    0.000
  camel   camel   -9.000 gi_558499777_ref_NW_006210582.1    0    0      1008842      1600563    591.722      133    4.449    1.000    0.000
  camel   camel   -9.000 gi_558499739_ref_NW_006210620.1    0    0       277872       797237    519.366      140    3.710    1.000    0.000
  camel   camel   -9.000 gi_558499739_ref_NW_006210620.1    0    0      3419402      3740614    321.213       98    3.278    1.000    0.000
  camel   camel   -9.000 gi_558499734_ref_NW_006210625.1    0    0       440038       769035    328.998       73    4.507    1.000    0.000
  camel   camel   -9.000 gi_558499725_ref_NW_006210634.1    0    0       946429      1147578    201.150       64    3.143    1.000    0.000
  camel   camel   -9.000 gi_558499724_ref_NW_006210635.1    0    0      1030256      1514571    484.316      219    2.211    1.000    0.000
  camel   camel   -9.000 gi_558499722_ref_NW_006210637.1    0    0       199272       510568    311.297       60    5.188    1.000    0.000
  camel   camel   -9.000 gi_558499717_ref_NW_006210642.1    0    0       507719      1099401    591.683       68    8.701    1.000    0.000
  camel   camel   -9.000 gi_558499712_ref_NW_006210647.1    0    0      1729040      1882641    153.602       51    3.012    1.000    0.000
  camel   camel   -9.000 gi_558499706_ref_NW_006210653.1    0    0       110572       403580    293.009       63    4.651    1.000    0.000
  camel   camel   -9.000 gi_558499706_ref_NW_006210653.1    0    0       807239      1282030    474.792       69    6.881    1.000    0.000
  camel   camel   -9.000 gi_558499706_ref_NW_006210653.1    0    0      1328733      1538425    209.693       73    2.873    1.000    0.000
  camel   camel   -9.000 gi_558499705_ref_NW_006210654.1    0    0       828148      1182391    354.244      106    3.342    1.000    0.000
  camel   camel   -9.000 gi_558499693_ref_NW_006210666.1    0    0       201019       636219    435.201       52    8.369    1.000    0.000
  camel   camel   -9.000 gi_558499693_ref_NW_006210666.1    0    0      2028625      2575077    546.453       66    8.280    1.000    0.000
  camel   camel   -9.000 gi_558499679_ref_NW_006210680.1    0    0      1006273      1522512    516.240      130    3.971    1.000    0.000
  camel   camel   -9.000 gi_558499670_ref_NW_006210689.1    0    0         8604       702546    693.943      147    4.721    1.000    0.000
  camel   camel   -9.000 gi_558499658_ref_NW_006210701.1    0    0         1666       354602    352.937      101    3.494    1.000    0.000
  camel   camel   -9.000 gi_558499648_ref_NW_006210711.1    0    0       557502       933243    375.742       64    5.871    1.000    0.000
  camel   camel   -9.000 gi_558499627_ref_NW_006210732.1    0    0         1787       248671    246.885       53    4.658    1.000    0.000
  camel   camel   -9.000 gi_558499625_ref_NW_006210734.1    0    0        99593       716486    616.894       76    8.117    1.000    0.000
  camel   camel   -9.000 gi_558499619_ref_NW_006210740.1    0    0       461613       726635    265.023       62    4.275    1.000    0.000
  camel   camel   -9.000 gi_558499614_ref_NW_006210745.1    0    0      3101995      3282243    180.249       66    2.731    1.000    0.000
  camel   camel   -9.000 gi_558499606_ref_NW_006210753.1    0    0         6424       444637    438.214       91    4.816    1.000    0.000
  camel   camel   -9.000 gi_558499589_ref_NW_006210770.1    0    0      1136368      1460166    323.799       72    4.497    1.000    0.000
  camel   camel   -9.000 gi_558499589_ref_NW_006210770.1    0    0      2327507      2546963    219.457       65    3.376    1.000    0.000
  camel   camel   -9.000 gi_558499588_ref_NW_006210771.1    0    0      2507883      3388499    880.617      138    6.381    1.000    0.000
  camel   camel   -9.000 gi_558499586_ref_NW_006210773.1    0    0       473078       749444    276.367       75    3.685    1.000    0.000
  camel   camel   -9.000 gi_558499576_ref_NW_006210783.1    0    0       887373      1038750    151.378       50    3.028    1.000    0.000
  camel   camel   -9.000 gi_558499556_ref_NW_006210803.1    0    0       511657       720341    208.685       54    3.865    1.000    0.000
  camel   camel   -9.000 gi_558499556_ref_NW_006210803.1    0    0       844879      1296292    451.414       76    5.940    1.000    0.000
  camel   camel   -9.000 gi_558499526_ref_NW_006210833.1    0    0       805586      1027642    222.057       50    4.441    1.000    0.000
  camel   camel   -9.000 gi_558499522_ref_NW_006210837.1    0    0      1746995      1845160     98.166       66    1.487    1.000    0.000
  camel   camel   -9.000 gi_558499516_ref_NW_006210843.1    0    0      3062802      3325717    262.916       53    4.961    1.000    0.000
  camel   camel   -9.000 gi_558499515_ref_NW_006210844.1    0    0       203051       569994    366.944      119    3.084    1.000    0.000
  camel   camel   -9.000 gi_558499502_ref_NW_006210857.1    0    0      3268052      3544934    276.883       67    4.133    1.000    0.000
  camel   camel   -9.000 gi_558499494_ref_NW_006210865.1    0    0      1710807      1932909    222.103       61    3.641    1.000    0.000
  camel   camel   -9.000 gi_5584994.1    0    0      2415764      2552857    137.094       89    1.540    1.000    0.000
  camel   camel   -9.000 gi_558499490_ref_NW_006210869.1    0    0      1311405      1498425    187.021       51    3.667    1.000    0.000
  camel   camel   -9.000 gi_558499485_ref_NW_006210874.1    0    0      1170279      1259827     89.549       52    1.722    1.000    0.000
  camel   camel   -9.000 gi_558499484_ref_NW_006210875.1    0    0      2173037      2482325    309.289       84    3.682    1.000    0.000
  camel   camel   -9.000 gi_558499483_ref_NW_006210876.1    0    0       643288       858459    215.172       69    3.118    1.000    0.000
  camel   camel   -9.000 gi_558499483_ref_NW_006210876.1    0    0      2135251      2456274    321.024       52    6.174    1.000    0.000
  camel   camel   -9.000 gi_558499477_ref_NW_006210882.1    0    0      1440655      1775433    334.779       64    5.231    1.000    0.000
  camel   camel   -9.000 gi_558499477_ref_NW_006210882.1    0    0      2512235      3315586    803.352      203    3.957    1.000    0.000
  camel   camel   -9.000 gi_558499477_ref_NW_006210882.1    0    0      3436438      3946780    510.343      102    5.003    1.000    0.000
  camel   camel   -9.000 gi_558499477_ref_NW_006210882.1    0    0      4262017      5031867    769.851      175    4.399    1.000    0.000
  camel   camel   -9.000 gi_558499468_ref_NW_006210891.1    0    0       464655       908832    444.178       58    7.658    1.000    0.000
  camel   camel   -9.000 gi_558499468_ref_NW_006210891.1    0    0      3127824      3800322    672.499      109    6.170    1.000    0.000
  camel   camel   -9.000 gi_558499459_ref_NW_006210900.1    0    0       398350       577344    178.995       58    3.086    1.000    0.000
  camel   camel   -9.000 gi_558499457_ref_NW_006210902.1    0    0      8187148      8451723    264.576       53    4.992    1.000    0.000
  camel   camel   -9.000 gi_558499454_ref_NW_006210905.1    0    0       453021       563914    110.894       72    1.540    1.000    0.000
  camel   camel   -9.000 gi_558499454_ref_NW_006210905.1    0    0       647695       761961    114.267       51    2.241    1.000    0.000
  camel   camel   -9.000 gi_558499445_ref_NW_006210914.1    0    0      1694475      1968855    274.381       53    5.177    1.000    0.000
  camel   camel   -9.000 gi_558499444_ref_NW_006210915.1    0    0      3095609      3773469    677.861      119    5.696    1.000    0.000
  camel   camel   -9.000 gi_558499442_ref_NW_006210917.1    0    0      1740342      1904002    163.661       56    2.923    1.000    0.000
  camel   camel   -9.000 gi_558499440_ref_NW_006210919.1    0    0      1956996      2465701    508.706       63    8.075    1.000    0.000
  camel   camel   -9.000 gi_558499440_ref_NW_006210919.1    0    0      9160500      9895566    735.067      188    3.910    1.000    0.000
  camel   camel   -9.000 gi_558499433_ref_NW_006210926.1    0    0      2857200      3146838    289.639       69    4.198    1.000    0.000
  camel   camel   -9.000 gi_558499428_ref_NW_006210931.1    0    0      1280941      1760956    480.016      103    4.660    1.000    0.000
  camel   camel   -9.000 gi_558499426_ref_NW_006210933.1    0    0       793357       906639    113.283       59    1.920    1.000    0.000
  camel   camel   -9.000 gi_558499426_ref_NW_006210933.1    0    0      1576125      1966166    390.042       69    5.653    1.000    0.000
  camel   camel   -9.000 gi_558499418_ref_NW_006210941.1    0    0      4469012      5569805   1100.794       51   21.584    1.000    0.000
  camel   camel   -9.000 gi_558499408_ref_NW_006210951.1    0    0        36488       341459    304.972       61    5.000    1.000    0.000
  camel   camel   -9.000 gi_558499408_ref_NW_006210951.1    0    0       870444      1178573    308.130       80    3.852    1.000    0.000
  camel   camel   -9.000 gi_558499406_ref_NW_006210953.1    0    0       164936       849029    684.094      185    3.698    1.000    0.000
  camel   camel   -9.000 gi_558499402_ref_NW_006210957.1    0    0      1175551      1467923    292.373       84    3.481    1.000    0.000
  camel   camel   -9.000 gi_558499380_ref_NW_006210979.1    0    0      2339681      2605841    266.161       53    5.022    1.000    0.000
  camel   camel   -9.000 gi_558499379_ref_NW_006210980.1    0    0       123948       431069    307.122       59    5.205    1.000    0.000
  camel   camel   -9.000 gi_558499372_ref_NW_006210987.1    0    0       414363       743255    328.893       71    4.632    1.000    0.000
  camel   camel   -9.000 gi_558499370_ref_NW_006210989.1    0    0       140502       557360    416.859       90    4.632    1.000    0.000
  camel   camel   -9.000 gi_558499367_ref_NW_006210992.1    0    0      2360689      2713312    352.624       86    4.100    1.000    0.000
  camel   camel   -9.000 gi_558499367_ref_NW_006210992.1    0    0      3820152      4064085    243.934       90    2.710    1.000    0.000
  camel   camel   -9.000 gi_558499365_ref_NW_006210994.1    0    0      2318402      2762640    444.239      124    3.583    1.000    0.000
  camel   camel   -9.000 gi_558499344_ref_NW_006211015.1    0    0      1039089      1627223    588.135      144    4.084    1.000    0.000
  camel   camel   -9.000 gi_558499334_ref_NW_006211025.1    0    0      2653991      2846739    192.749       68    2.835    1.000    0.000
  camel   camel   -9.000 gi_558499307_ref_NW_006211052.1    0    0      3130686      3397189    266.504      111    2.401    1.000    0.000
  camel   camel   -9.000 gi_558499284_ref_NW_006211075.1    0    0       728645       910909    182.265       55    3.314    1.000    0.000
  camel   camel   -9.000 gi_558499280_ref_NW_006211079.1    0    0      1329630      1820237    490.608      127    3.863    1.000    0.000
  camel   camel   -9.000 gi_558499268_ref_NW_006211091.1    0    0      2833787      2927499     93.713       51    1.838    1.000    0.000
  camel   camel   -9.000 gi_558499267_ref_NW_006211092.1    0    0      2252848      2528075    275.228       57    4.829    1.000    0.000
  camel   camel   -9.000 gi_558499253_ref_NW_006211106.1    0    0      1564840      1792420    227.581       71    3.205    1.000    0.000
  camel   camel   -9.000 gi_558499253_ref_NW_006211106.1    0    0      5502309      5614670    112.362       54    2.081    1.000    0.000
  camel   camel   -9.000 gi_558499243_ref_NW_006211116.1    0    0       563096      1167071    603.976       81    7.456    1.000    0.000
  camel   camel   -9.000 gi_558499243_ref_NW_006211116.1    0    0      1195730      1852802    657.073       86    7.640    1.000    0.000
  camel   camel   -9.000 gi_558499243_ref_NW_006211116.1    0    0      2129455      2417410    287.956       63    4.571    1.000    0.000
  camel   camel   -9.000 gi_558499230_ref_NW_006211129.1    0    0       429402      1032124    602.723       89    6.772    1.000    0.000
  camel   camel   -9.000 gi_558499223_ref_NW_006211136.1    0    0       262209       420744    158.536       58    2.733    1.000    0.000
  camel   camel   -9.000 gi_558499208_ref_NW_006211151.1    0    0      1781882      1905536    123.655       52    2.378    1.000    0.000
  camel   camel   -9.000 gi_558499200_ref_NW_006211159.1    0    0         9142       487090    477.949      130    3.677    1.000    0.000
  camel   camel   -9.000 gi_558499196_ref_NW_006211163.1    0    0         9024       230657    221.634       57    3.888    1.000    0.000
  camel   camel   -9.000 gi_558499196_ref_NW_006211163.1    0    0       458115       817041    358.927       51    7.038    1.000    0.000
  camel   camel   -9.000 gi_558499190_ref_NW_006211169.1    0    0       511405      1031332    519.928       54    9.628    1.000    0.000
  camel   camel   -9.000 gi_558499189_ref_NW_006211170.1    0    0        53048       374746    321.699       71    4.531    1.000    0.000
  camel   camel   -9.000 gi_558499164_ref_NW_006211195.1    0    0        51273       345314    294.042       85    3.459    1.000    0.000
  camel   camel   -9.000 gi_558499162_ref_NW_006211197.1    0    0       569314       730337    161.024       52    3.097    1.000    0.000
  camel   camel   -9.000 gi_558499139_ref_NW_006211220.1    0    0       375450       866403    490.954      103    4.767    1.000    0.000
  camel   camel   -9.000 gi_558499132_ref_NW_006211227.1    0    0      3450350      3793337    342.988       85    4.035    1.000    0.000
  camel   camel   -9.000 gi_558499128_ref_NW_006211231.1    0    0       159923       291465    131.543       50    2.631    1.000    0.000
  camel   camel   -9.000 gi_558499127_ref_NW_006211232.1    0    0       426434       701731    275.298       84    3.277    1.000    0.000
  camel   camel   -9.000 gi_558499118_ref_NW_006211241.1    0    0      4094971      4346654    251.684       58    4.339    1.000    0.000
  camel   camel   -9.000 gi_558499109_ref_NW_006211250.1    0    0       434530       649687    215.158       69    3.118    1.000    0.000
  camel   camel   -9.000 gi_5584990.1    0    0      2673580      2863146    189.567       50    3.791    1.000    0.000
  camel   camel   -9.000 gi_5584990.1    0    0      2999603      3208942    209.340       68    3.079    1.000    0.000
  camel   camel   -9.000 gi_558499090_ref_NW_006211269.1    0    0       207041       433852    226.812       75    3.024    1.000    0.000
  camel   camel   -9.000 gi_558499089_ref_NW_006211270.1    0    0       231255       816592    585.338       63    9.291    1.000    0.000
  camel   camel   -9.000 gi_558499088_ref_NW_006211271.1    0    0       131503       503555    372.053       75    4.961    1.000    0.000
  camel   camel   -9.000 gi_558499076_ref_NW_006211283.1    0    0      3073486      3256439    182.954      113    1.619    1.000    0.000
  camel   camel   -9.000 gi_558499076_ref_NW_006211283.1    0    0      3901636      4129675    228.040       79    2.887    1.000    0.000
  camel   camel   -9.000 gi_558499076_ref_NW_006211283.1    0    0      4322469      4537862    215.394       77    2.797    1.000    0.000
  camel   camel   -9.000 gi_558499075_ref_NW_006211284.1    0    0       571896       838788    266.893       66    4.044    1.000    0.000
  camel   camel   -9.000 gi_558499075_ref_NW_006211284.1    0    0       864449      1004233    139.785       59    2.369    1.000    0.000
  camel   camel   -9.000 gi_558499072_ref_NW_006211287.1    0    0        15019       567702    552.684       86    6.427    1.000    0.000
  camel   camel   -9.000 gi_558499069_ref_NW_006211290.1    0    0       302520       570729    268.210       55    4.877    1.000    0.000
  camel   camel   -9.000 gi_558499063_ref_NW_006211296.1    0    0       962324      1080834    118.511       50    2.370    1.000    0.000
  camel   camel   -9.000 gi_558499056_ref_NW_006211303.1    0    0       256456       731321    474.866      120    3.957    1.000    0.000
  camel   camel   -9.000 gi_558499050_ref_NW_006211309.1    0    0       380015       927904    547.890       86    6.371    1.000    0.000
  camel   camel   -9.000 gi_558499044_ref_NW_006211315.1    0    0       156632       251072     94.441       78    1.211    1.000    0.000
  camel   camel   -9.000 gi_558499040_ref_NW_006211319.1    0    0       426623       590918    164.296       53    3.100    1.000    0.000
  camel   camel   -9.000 gi_558499024_ref_NW_006211335.1    0    0       162896       458009    295.114       50    5.902    1.000    0.000
  camel   camel   -9.000 gi_558499010_ref_NW_006211349.1    0    0       689214       851308    162.095       57    2.844    1.000    0.000
  camel   camel   -9.000 gi_558499006_ref_NW_006211353.1    0    0      1480871      1747115    266.245       95    2.803    1.000    0.000
  camel   camel   -9.000 gi_558499006_ref_NW_006211353.1    0    0      1750642      1892366    141.725       84    1.687    1.000    0.000
  camel   camel   -9.000 gi_558499006_ref_NW_006211353.1    0    0      2126315      2352691    226.377       50    4.528    1.000    0.000
  camel   camel   -9.000 gi_558498999_ref_NW_006211360.1    0    0       170980       309308    138.329       50    2.767    1.000    0.000
  camel   camel   -9.000 gi_558498997_ref_NW_006211362.1    0    0       685160       967418    282.259       52    5.428    1.000    0.000
  camel   camel   -9.000 gi_5584989.1    0    0       575847       666008     90.162       64    1.409    1.000    0.000
  camel   camel   -9.000 gi_558498989_ref_NW_006211370.1    0    0      2292220      2812950    520.731      104    5.007    1.000    0.000
  camel   camel   -9.000 gi_558498988_ref_NW_006211371.1    0    0       119382       306906    187.525       54    3.473    1.000    0.000
  camel   camel   -9.000 gi_558498983_ref_NW_006211376.1    0    0       673997      1056373    382.377       65    5.883    1.000    0.000
  camel   camel   -9.000 gi_558498982_ref_NW_006211377.1    0    0          132       233739    233.608       67    3.487    1.000    0.000
  camel   camel   -9.000 gi_558498982_ref_NW_006211377.1    0    0      1125281      1258161    132.881       55    2.416    1.000    0.000
  camel   camel   -9.000 gi_558498972_ref_NW_006211387.1    0    0       135529       344151    208.623       57    3.660    1.000    0.000
  camel   camel   -9.000 gi_558498972_ref_NW_006211387.1    0    0       730178       945722    215.545       54    3.992    1.000    0.000
  camel   camel   -9.000 gi_558498969_ref_NW_006211390.1    0    0        95772       294309    198.538       68    2.920    1.000    0.000
  camel   camel   -9.000 gi_558498943_ref_NW_006211416.1    0    0       213766       918299    704.534       72    9.785    1.000    0.000
  camel   camel   -9.000 gi_558498933_ref_NW_006211426.1    0    0      1303285      1574274    270.990       62    4.371    1.000    0.000
  camel   camel   -9.000 gi_558498932_ref_NW_006211427.1    0    0       643668       750989    107.322       54    1.987    1.000    0.000
  camel   camel   -9.000 gi_558498906_ref_NW_006211453.1    0    0       295590       693315    397.726       69    5.764    1.000    0.000
  camel   camel   -9.000 gi_558498902_ref_NW_006211457.1    0    0        57737       200834    143.098       50    2.862    1.000    0.000
  camel   camel   -9.000 gi_558498902_ref_NW_006211457.1    0    0       883409      1140505    257.097       53    4.851    1.000    0.000
  camel   camel   -9.000 gi_558498896_ref_NW_006211463.1    0    0        16932       382902    365.971       57    6.421    1.000    0.000
  camel   camel   -9.000 gi_558498896_ref_NW_006211463.1    0    0       705016      1012162    307.147       55    5.584    1.000    0.000
  camel   camel   -9.000 gi_558498886_ref_NW_006211473.1    0    0       966213      1115793    149.581       54    2.770    1.000    0.000
  camel   camel   -9.000 gi_558498885_ref_NW_006211474.1    0    0       229946       873000    643.055      150    4.287    1.000    0.000
  camel   camel   -9.000 gi_558498844_ref_NW_006211515.1    0    0       168695       923266    754.572       81    9.316    1.000    0.000
  camel   camel   -9.000 gi_558498844_ref_NW_006211515.1    0    0      1152736      1444178    291.443       52    5.605    1.000    0.000
  camel   camel   -9.000 gi_558498843_ref_NW_006211516.1    0    0       160307       383883    223.577       50    4.472    1.000    0.000
  camel   camel   -9.000 gi_558498825_ref_NW_006211534.1    0    0      1054400      1592771    538.372       69    7.802    1.000    0.000
  camel   camel   -9.000 gi_558498794_ref_NW_006211565.1    0    0      3185159      3575411    390.253       67    5.825    1.000    0.000
  camel   camel   -9.000 gi_558498785_ref_NW_006211574.1    0    0       734575       949558    214.984      126    1.706    1.000    0.000
  camel   camel   -9.000 gi_5584987.1    0    0      3833207      3980571    147.365       59    2.498    1.000    0.000
  camel   camel   -9.000 gi_558498756_ref_NW_006211603.1    0    0      7598381      7714537    116.157       50    2.323    1.000    0.000
  camel   camel   -9.000 gi_558498749_ref_NW_006211610.1    0    0       113678       294581    180.904       63    2.871    1.000    0.000
  camel   camel   -9.000 gi_558498747_ref_NW_006211612.1    0    0      1927505      2072960    145.456       56    2.597    1.000    0.000
  camel   camel   -9.000 gi_558498728_ref_NW_006211631.1    0    0        11840       537016    525.177      105    5.002    1.000    0.000
  camel   camel   -9.000 gi_558498728_ref_NW_006211631.1    0    0      1368078      1694716    326.639       88    3.712    1.000    0.000
  camel   camel   -9.000 gi_558498726_ref_NW_006211633.1    0    0       115902       280643    164.742       54    3.051    1.000    0.000
  camel   camel   -9.000 gi_558498700_ref_NW_006211659.1    0    0       986092      1779713    793.622       97    8.182    1.000    0.000
  camel   camel   -9.000 gi_5584986.1    0    0      5472955      5610444    137.490       69    1.993    1.000    0.000
  camel   camel   -9.000 gi_558498678_ref_NW_006211681.1    0    0       839385      1082184    242.800       62    3.916    1.000    0.000
  camel   camel   -9.000 gi_558498677_ref_NW_006211682.1    0    0       159958       509321    349.364       67    5.214    1.000    0.000
  camel   camel   -9.000 gi_558498672_ref_NW_006211687.1    0    0      1877498      2187875    310.378       76    4.084    1.000    0.000
  camel   camel   -9.000 gi_558498672_ref_NW_006211687.1    0    0      2772877      3029630    256.754       80    3.209    1.000    0.000
  camel   camel   -9.000 gi_558498670_ref_NW_006211689.1    0    0      2134579      2764269    629.691      112    5.622    0.991    0.000
  camel   camel   -9.000 gi_558498659_ref_NW_006211700.1    0    0      2119819      2323499    203.681       62    3.285    1.000    0.000
  camel   camel   -9.000 gi_558498652_ref_NW_006211707.1    0    0      2257125      2549985    292.861       95    3.083    1.000    0.000
  camel   camel   -9.000 gi_558498646_ref_NW_006211713.1    0    0        17757       177195    159.439       61    2.614    1.000    0.000
  camel   camel   -9.000 gi_558498646_ref_NW_006211713.1    0    0       279865       422582    142.718       71    2.010    1.000    0.000
  camel   camel   -9.000 gi_558498643_ref_NW_006211716.1    0    0      2992899      3444748    451.850      114    3.964    1.000    0.000
  camel   camel   -9.000 gi_558498643_ref_NW_006211716.1    0    0      3515303      3945065    429.763      110    3.907    1.000    0.000
  camel   camel   -9.000 gi_558498625_ref_NW_006211734.1    0    0        45332       276939    231.608       55    4.211    1.000    0.000
  camel   camel   -9.000 gi_558498588_ref_NW_006211771.1    0    0      1981034      2184096    203.063       80    2.538    1.000    0.000
  camel   camel   -9.000 gi_558498582_ref_NW_006211777.1    0    0      1066043      1165378     99.336       50    1.987    1.000    0.000
  camel   camel   -9.000 gi_5584985.1    0    0      6940367      7194251    253.885       68    3.734    1.000    0.000
  camel   camel   -9.000 gi_558498532_ref_NW_006211827.1    0    0      3185293      3680177    494.885      100    4.949    1.000    0.000
  camel   camel   -9.000 gi_558498527_ref_NW_006211832.1    0    0        13936       314306    300.371       88    3.413    1.000    0.000
  camel   camel   -9.000 gi_558498515_ref_NW_006211844.1    0    0        27957       175675    147.719       50    2.954    1.000    0.000
  camel   camel   -9.000 gi_558498492_ref_NW_006211867.1    0    0       110241       473593    363.353       85    4.275    1.000    0.000
  camel   camel   -9.000 gi_558498472_ref_NW_006211887.1    0    0        10412       220449    210.038       54    3.890    1.000    0.000
  camel   camel   -9.000 gi_558498449_ref_NW_006211910.1    0    0        99025       586806    487.782      199    2.451    1.000    0.000
  camel   camel   -9.000 gi_558498439_ref_NW_006211920.1    0    0       349247       984907    635.661       84    7.567    1.000    0.000
  camel   camel   -9.000 gi_558498436_ref_NW_006211923.1    0    0       955737      1228647    272.911      102    2.676    1.000    0.000
  camel   camel   -9.000 gi_558498414_ref_NW_006211945.1    0    0       117949       380719    262.771       64    4.106    1.000    0.000
  camel   camel   -9.000 gi_558498409_ref_NW_006211950.1    0    0       787799      1030577    242.779       64    3.793    1.000    0.000
  camel   camel   -9.000 gi_5584983.1    0    0       165842       408763    242.922       52    4.672    1.000    0.000
  camel   camel   -9.000 gi_558498369_ref_NW_006211990.1    0    0        78225       791401    713.177      165    4.322    1.000    0.000
  camel   camel   -9.000 gi_558498355_ref_NW_006212004.1    0    0       355895       486226    130.332       54    2.414    1.000    0.000
  camel   camel   -9.000 gi_558498298_ref_NW_006212061.1    0    0       998968      1063067     64.100       51    1.257    1.000    0.000
  camel   camel   -9.000 gi_558498295_ref_NW_006212064.1    0    0      1497605      1681973    184.369       53    3.479    1.000    0.000
  camel   camel   -9.000 gi_558498273_ref_NW_006212086.1    0    0       664459      1094777    430.319       75    5.738    1.000    0.000
  camel   camel   -9.000 gi_558498267_ref_NW_006212092.1    0    0      1124742      1366931    242.190       59    4.105    1.000    0.000
  camel   camel   -9.000 gi_558498204_ref_NW_006212155.1    0    0        65697       453115    387.419       73    5.307    1.000    0.000
  camel   camel   -9.000 gi_558498079_ref_NW_006212280.1    0    0      1136608      1329605    192.998       60    3.217    1.000    0.000
  camel   camel   -9.000 gi_558497960_ref_NW_006212399.1    0    0       529455       879574    350.120       56    6.252    1.000    0.000
  camel   camel   -9.000 gi_558497957_ref_NW_006212402.1    0    0       115220       454070    338.851       58    5.842    1.000    0.000
  camel   camel   -9.000 gi_5584978.1    0    0      2035442      2321672    286.231       74    3.868    1.000    0.000
  camel   camel   -9.000 gi_558497852_ref_NW_006212507.1    0    0       298711       505442    206.732       51    4.054    1.000    0.000
  camel   camel   -9.000 gi_558497674_ref_NW_006212685.1    0    0      2526934      2710682    183.749       57    3.224    1.000    0.000
  camel   camel   -9.000 gi_558497615_ref_NW_006212744.1    0    0        55734       336653    280.920       62    4.531    1.000    0.000
  camel   camel   -9.000 gi_558497615_ref_NW_006212744.1    0    0      1891442      2121204    229.763       59    3.894    1.000    0.000
  camel   camel   -9.000 gi_558497030_ref_NW_006213329.1    0    0         9741       434590    424.850       64    6.638    1.000    0.000
  camel   camel   -9.000 gi_558496522_ref_NW_006213837.1    0    0       134709       356589    221.881       55    4.034    1.000    0.000
  camel   camel   -9.000 gi_558495364_ref_NW_006214995.1    0    0      1358425      1634569    276.145       51    5.415    1.000    0.000
  camel   camel   -9.000 gi_558495125_ref_NW_006215234.1    0    0       772318      1022426    250.109       70    3.573    1.000    0.000
  camel   camel   -9.000 gi_558494240_ref_NW_006216119.1    0    0        16861       391972    375.112       76    4.936    1.000    0.000
  camel   camel   -9.000 gi_558492533_ref_NW_006216897.1    0    0       859866      1221021    361.156       76    4.752    1.000    0.000
  camel   camel   -9.000 gi_558492074_ref_NW_006217098.1    0    0        17875       248871    230.997       85    2.718    1.000    0.000
  camel   camel   -9.000 gi_558491393_ref_NW_006217682.1    0    0      5353179      5661039    307.861       90    3.421    1.000    0.000
  camel   camel   -9.000 gi_558491393_ref_NW_006217682.1    0    0      6354927      6542523    187.597       58    3.234    1.000    0.000
  camel   camel   -9.000 gi_558491393_ref_NW_006217682.1    0    0      8295227      8622452    327.226       85    3.850    1.000    0.000
  camel   camel   -9.000 gi_558491393_ref_NW_006217682.1    0    0     14026378     14442295    415.918       90    4.621    1.000    0.000
  camel   camel   -9.000 gi_558491355_ref_NW_006217720.1    0    0        12308       458707    446.400       79    5.651    1.000    0.000
  camel   camel   -9.000 gi_558491038_ref_NW_006218037.1    0    0       644258      1025824    381.567       70    5.451    1.000    0.000
  camel   camel   -9.000 gi_558490730_ref_NW_006218345.1    0    0      2067569      2229401    161.833       56    2.890    1.000    0.000
  camel   camel   -9.000 gi_558490730_ref_NW_006218345.1    0    0      2313255      2675534    362.280       83    4.365    1.000    0.000
  camel   camel   -9.000 gi_558489174_ref_NW_006219901.1    0    0       156849       381378    224.530       52    4.318    1.000    0.000
  camel   camel   -9.000 gi_558488266_ref_NW_006220809.1    0    0       186658       360921    174.264       54    3.227    1.000    0.000
  camel   camel   -9.000 gi_558487078_ref_NW_006221997.1    0    0       208249       416639    208.391       56    3.721    1.000    0.000
  camel   camel   -9.000 gi_558485535_ref_NW_006223432.1    0    0        44330       364699    320.370       93    3.445    1.000    0.000
      FID       IID      PHE  CHR SNP1 SNP2         POS1         POS2         KB     NSNP  DENSITY     PHOM     PHET
  bison   bison   -9.000 gi_735107158_ref_NW_011476631.1    0    0          166         3888      3.723       56    0.066    1.000    0.000
  bison   bison   -9.000 gi_735107158_ref_NW_011476631.1    0    0         3982         7385      3.404      229    0.015    1.000    0.000
  bison   bison   -9.000 gi_735089267_ref_NW_011494522.1    0    0        28119      2666209   2638.091       88   29.978    1.000    0.000
  bison   bison   -9.000 gi_735089260_ref_NW_011494529.1    0    0         5296      3814093   3808.798       90   42.320    1.000    0.000
  bison   bison   -9.000 gi_735089176_ref_NW_011494613.1    0    0         7492      7176843   7169.352      186   38.545    1.000    0.000
  bison   bison   -9.000 gi_735089174_ref_NW_011494615.1    0    0      6891834     10541585   3649.752       82   44.509    1.000    0.000
  bison   bison   -9.000 gi_735089160_ref_NW_011494629.1    0    0      2361776      3152506    790.731       66   11.981    1.000    0.000
  bison   bison   -9.000 gi_735089156_ref_NW_011494633.1    0    0        51218      4908396   4857.179      154   31.540    1.000    0.000
  bison   bison   -9.000 gi_735089150_ref_NW_011494639.1    0    0        43499      2617639   2574.141       54   47.669    1.000    0.000
  bison   bison   -9.000 gi_735089142_ref_NW_011494647.1    0    0       105762      1639031   1533.270       68   22.548    1.000    0.000
  bison   bison   -9.000 gi_735089120_ref_NW_011494669.1    0    0        76442      2188769   2112.328       59   35.802    1.000    0.000
  bison   bison   -9.000 gi_735089119_ref_NW_011494670.1    0    0      2308108      4845140   2537.033       69   36.769    1.000    0.000
  bison   bison   -9.000 gi_735089112_ref_NW_011494677.1    0    0     10247596     13312235   3064.640       80   38.308    1.000    0.000
  bison   bison   -9.000 gi_735089107_ref_NW_011494682.1    0    0       353443      2469074   2115.632       56   37.779    1.000    0.000
  bison   bison   -9.000 gi_7350890.1    0    0       355592       590157    234.566       66    3.554    1.000    0.000
  bison   bison   -9.000 gi_7350890.1    0    0      4035927      4679641    643.715       50   12.874    1.000    0.000
  bison   bison   -9.000 gi_7350890.1    0    0      9916197     11749311   1833.115       93   19.711    1.000    0.000
  bison   bison   -9.000 gi_735089087_ref_NW_011494702.1    0    0        88002      2149660   2061.659       62   33.253    1.000    0.000
  bison   bison   -9.000 gi_735089083_ref_NW_011494706.1    0    0      1542367      4270122   2727.756       56   48.710    1.000    0.000
  bison   bison   -9.000 gi_735089078_ref_NW_011494711.1    0    0      6633646      9127852   2494.207       60   41.570    1.000    0.000
  bison   bison   -9.000 gi_735089053_ref_NW_011494736.1    0    0        10495      3441580   3431.086       73   47.001    1.000    0.000
  bison   bison   -9.000 gi_735089045_ref_NW_011494744.1    0    0      2499960      4483728   1983.769       53   37.430    1.000    0.000
  bison   bison   -9.000 gi_735089038_ref_NW_011494751.1    0    0        76066      2232967   2156.902       53   40.696    1.000    0.000
  bison   bison   -9.000 gi_735089036_ref_NW_011494753.1    0    0     10089512     12353900   2264.389       55   41.171    1.000    0.000
  bison   bison   -9.000 gi_735089019_ref_NW_011494770.1    0    0        75388      4116854   4041.467       83   48.692    1.000    0.000
  bison   bison   -9.000 gi_735089002_ref_NW_011494787.1    0    0      2019178      3972792   1953.615       52   37.570    1.000    0.000
  bison   bison   -9.000 gi_735088995_ref_NW_011494794.1    0    0       118818      2387578   2268.761       54   42.014    1.000    0.000
  bison   bison   -9.000 gi_735088982_ref_NW_011494807.1    0    0      2498061      5313786   2815.726       73   38.572    1.000    0.000
  bison   bison   -9.000 gi_735088979_ref_NW_011494810.1    0    0      2483866      5383967   2900.102       76   38.159    1.000    0.000
  bison   bison   -9.000 gi_735088975_ref_NW_011494814.1    0    0        15896      2484578   2468.683       68   36.304    1.000    0.000
  bison   bison   -9.000 gi_735088957_ref_NW_011494832.1    0    0      7479416      9517776   2038.361       57   35.761    1.000    0.000
  bison   bison   -9.000 gi_735088947_ref_NW_011494842.1    0    0      3239936      4454275   1214.340       61   19.907    1.000    0.000
  bison   bison   -9.000 gi_735088946_ref_NW_011494843.1    0    0        17081      2250485   2233.405       68   32.844    1.000    0.000
  bison   bison   -9.000 gi_735088943_ref_NW_011494846.1    0    0      5163518      7761329   2597.812       54   48.108    1.000    0.000
  bison   bison   -9.000 gi_735088928_ref_NW_011494861.1    0    0     20548249     22571276   2023.028       52   38.904    1.000    0.000
  bison   bison   -9.000 gi_735088927_ref_NW_011494862.1    0    0       817896      3082855   2264.960       65   34.846    1.000    0.000
  bison   bison   -9.000 gi_735088926_ref_NW_011494863.1    0    0      6100440      8994314   2893.875       62   46.675    1.000    0.000
  bison   bison   -9.000 gi_735088919_ref_NW_011494870.1    0    0       569075      3340883   2771.809       65   42.643    1.000    0.000
  bison   bison   -9.000 gi_735088913_ref_NW_011494876.1    0    0     11778679     14267943   2489.265       53   46.967    1.000    0.000
  bison   bison   -9.000 gi_735088903_ref_NW_011494886.1    0    0        60377      2692080   2631.704       57   46.170    1.000    0.000
  bison   bison   -9.000 gi_735088892_ref_NW_011494897.1    0    0      7382889      9623986   2241.098       69   32.480    1.000    0.000
  bison   bison   -9.000 gi_7350888.1    0    0      8170119     11198920   3028.802       62   48.852    1.000    0.000
  bison   bison   -9.000 gi_735088887_ref_NW_011494902.1    0    0      7237655     14906143   7668.489      169   45.376    1.000    0.000
  bison   bison   -9.000 gi_735088886_ref_NW_011494903.1    0    0      8544036     11977844   3433.809       72   47.692    1.000    0.000
  bison   bison   -9.000 gi_735088879_ref_NW_011494910.1    0    0       624106       625382      1.277       63    0.020    1.000    0.000
  bison   bison   -9.000 gi_735088862_ref_NW_011494927.1    0    0       332262      1697563   1365.302       60   22.755    1.000    0.000
  bison   bison   -9.000 gi_735088855_ref_NW_011494934.1    0    0       820597      3517107   2696.511       92   29.310    1.000    0.000
  bison   bison   -9.000 gi_735088847_ref_NW_011494942.1    0    0       112455      3104554   2992.100       97   30.846    1.000    0.000
  bison   bison   -9.000 gi_735088847_ref_NW_011494942.1    0    0     12112975     15761906   3648.932       93   39.236    1.000    0.000
  bison   bison   -9.000 gi_735088845_ref_NW_011494944.1    0    0       444251      2425064   1980.814       77   25.725    1.000    0.000
  bison   bison   -9.000 gi_735088844_ref_NW_011494945.1    0    0        41868      4500602   4458.735      106   42.064    1.000    0.000
  bison   bison   -9.000 gi_735088843_ref_NW_011494946.1    0    0       350936      2532831   2181.896       74   29.485    1.000    0.000
  bison   bison   -9.000 gi_735088839_ref_NW_011494950.1    0    0      3859460      6841779   2982.320       74   40.302    1.000    0.000
  bison   bison   -9.000 gi_735088838_ref_NW_011494951.1    0    0      4465366      9526184   5060.819      138   36.673    1.000    0.000
  bison   bison   -9.000 gi_735088837_ref_NW_011494952.1    0    0      1283574      5493311   4209.738       94   44.784    1.000    0.000
  bison   bison   -9.000 gi_735088835_ref_NW_011494954.1    0    0      3626709      6043064   2416.356       70   34.519    1.000    0.000
  bison   bison   -9.000 gi_735088833_ref_NW_011494956.1    0    0     10028247     11491449   1463.203       54   27.096    1.000    0.000
  bison   bison   -9.000 gi_735088833_ref_NW_011494956.1    0    0     14012725     17054951   3042.227      139   21.887    1.000    0.000
  bison   bison   -9.000 gi_735088832_ref_NW_011494957.1    0    0        86867      1631045   1544.179       55   28.076    1.000    0.000
  bison   bison   -9.000 gi_735088827_ref_NW_011494962.1    0    0      6024219      8674965   2650.747       68   38.982    1.000    0.000
  bison   bison   -9.000 gi_7350887.1    0    0     21460688     25551040   4090.353      129   31.708    1.000    0.000
  bison   bison   -9.000 gi_735088768_ref_NW_011495021.1    0    0      3115651      5185088   2069.438       61   33.925    1.000    0.000
  bison   bison   -9.000 gi_735088767_ref_NW_011495022.1    0    0        13987      1850917   1836.931       57   32.227    1.000    0.000
  bison   bison   -9.000 gi_735088766_ref_NW_011495023.1    0    0       392942      3858663   3465.722       72   48.135    1.000    0.000
  bison   bison   -9.000 gi_735088765_ref_NW_011495024.1    0    0        13676      3296255   3282.580       71   46.234    1.000    0.000
  bison   bison   -9.000 gi_735088765_ref_NW_011495024.1    0    0      5023502      6516027   1492.526       58   25.733    1.000    0.000
  bison   bison   -9.000 gi_735088764_ref_NW_011495025.1    0    0      1451399      9079437   7628.039      200   38.140    1.000    0.000
  bison   bison   -9.000 gi_735088763_ref_NW_011495026.1    0    0      5916335     10462167   4545.833      108   42.091    1.000    0.000
  bison   bison   -9.000 gi_735088758_ref_NW_011495031.1    0    0      2029802      3202985   1173.184       50   23.464    1.000    0.000
  bison   bison   -9.000 gi_735088757_ref_NW_011495032.1    0    0        23538      1725117   1701.580       50   34.032    1.000    0.000
  bison   bison   -9.000 gi_735088757_ref_NW_011495032.1    0    0      8567607     11431713   2864.107       85   33.695    1.000    0.000
  bison   bison   -9.000 gi_735088757_ref_NW_011495032.1    0    0     13498787     15625549   2126.763       54   39.385    1.000    0.000
  bison   bison   -9.000 gi_735088757_ref_NW_011495032.1    0    0     15800223     18166812   2366.590       67   35.322    1.000    0.000
  bison   bison   -9.000 gi_735088757_ref_NW_011495032.1    0    0     33555775     36547132   2991.358       82   36.480    1.000    0.000
  bison   bison   -9.000 gi_735088755_ref_NW_011495034.1    0    0      1548065      3602471   2054.407       63   32.610    1.000    0.000
  bison   bison   -9.000 gi_735088755_ref_NW_011495034.1    0    0      7639568     11404700   3765.133       94   40.055    1.000    0.000
  bison   bison   -9.000 gi_735088744_ref_NW_011495045.1    0    0        25352      4890076   4864.725      138   35.252    1.000    0.000
  bison   bison   -9.000 gi_735088744_ref_NW_011495045.1    0    0      6843819      8904898   2061.080       67   30.762    1.000    0.000
  bison   bison   -9.000 gi_735088743_ref_NW_011495046.1    0    0        93524      5155507   5061.984      126   40.174    1.000    0.000
  bison   bison   -9.000 gi_735088742_ref_NW_011495047.1    0    0       866573      3169678   2303.106       61   37.756    1.000    0.000
  bison   bison   -9.000 gi_735088742_ref_NW_011495047.1    0    0      3501349      6818282   3316.934       71   46.717    1.000    0.000
  bison   bison   -9.000 gi_735088739_ref_NW_011495050.1    0    0      3803085     10977365   7174.281      167   42.960    1.000    0.000
  bison   bison   -9.000 gi_735088736_ref_NW_011495053.1    0    0       898751      2439782   1541.032       59   26.119    1.000    0.000
  bison   bison   -9.000 gi_735088732_ref_NW_011495057.1    0    0      8345280     11680906   3335.627       85   39.243    1.000    0.000
  bison   bison   -9.000 gi_735088725_ref_NW_011495064.1    0    0      4914348      8009149   3094.802       62   49.916    1.000    0.000
  bison   bison   -9.000 gi_735088725_ref_NW_011495064.1    0    0     15232078     17637276   2405.199       61   39.429    1.000    0.000
  bison   bison   -9.000 gi_735088722_ref_NW_011495067.1    0    0      2090340      3177445   1087.106       54   20.132    1.000    0.000
  bison   bison   -9.000 gi_735088719_ref_NW_011495070.1    0    0      1012733      1859175    846.443       55   15.390    1.000    0.000
  bison   bison   -9.000 gi_735088710_ref_NW_011495079.1    0    0      2555699      4490833   1935.135       55   35.184    1.000    0.000
  bison   bison   -9.000 gi_735088709_ref_NW_011495080.1    0    0        61725      2180210   2118.486       61   34.729    1.000    0.000
  bison   bison   -9.000 gi_735088705_ref_NW_011495084.1    0    0      1203069      4250312   3047.244       99   30.780    1.000    0.000
  bison   bison   -9.000 gi_735088705_ref_NW_011495084.1    0    0      4300155      6380878   2080.724       67   31.056    1.000    0.000
  bison   bison   -9.000 gi_735088705_ref_NW_011495084.1    0    0      8081470     13208019   5126.550      126   40.687    1.000    0.000
  bison   bison   -9.000 gi_735088704_ref_NW_011495085.1    0    0       697793      2988899   2291.107       56   40.913    1.000    0.000
  bison   bison   -9.000 gi_735088703_ref_NW_011495086.1    0    0       451533      5013536   4562.004      111   41.099    1.000    0.000
  bison   bison   -9.000 gi_735088703_ref_NW_011495086.1    0    0      5227399      8098990   2871.592      102   28.153    1.000    0.000
